NAME : domp20p5v1
COMMENT : (Deleplanque et al.) 
TYPE : DOMP
DIMENSION : 20
DISPLAY_DATA_TYPE: NO_DISPLAY
OPEN_FACILITIES : 5
COST_SECTION
 1 122 84 100 190 165 159 13 156 239 204 292 54 195 165 193 85 201 182 154
 122 1 184 204 267 46 250 126 276 275 293 270 123 121 245 167 148 111 63 196
 84 184 1 139 240 222 201 73 117 175 242 373 134 276 216 276 53 279 238 99
 100 204 139 1 102 248 64 105 122 313 107 270 83 233 78 195 170 248 265 234
 190 267 240 102 1 307 43 199 202 414 40 219 151 248 26 183 268 271 323 334
 165 46 222 248 307 1 293 169 319 291 335 285 167 125 287 188 181 107 18 219
 159 250 201 64 43 293 1 166 160 375 46 248 129 251 26 196 232 272 309 296
 13 126 73 105 199 169 166 1 151 228 211 304 66 205 174 205 74 211 186 142
 156 276 117 122 202 319 160 151 1 261 184 391 180 339 184 313 169 350 336 205
 239 275 175 313 414 291 375 228 261 1 415 523 292 393 390 419 156 385 299 87
 204 293 242 107 40 335 46 211 184 415 1 257 173 285 51 222 276 307 351 339
 292 270 373 270 219 285 248 304 391 523 257 1 240 163 223 106 371 187 292 437
 54 123 134 83 151 167 129 66 180 292 173 240 1 160 128 144 137 172 184 206
 195 121 276 233 248 125 251 205 339 393 285 163 160 1 235 78 254 27 130 311
 165 245 216 78 26 287 26 174 184 390 51 223 128 235 1 176 243 257 302 309
 193 167 276 195 183 188 196 205 313 419 222 106 144 78 176 1 269 105 197 334
 85 148 53 170 268 181 232 74 169 156 276 371 137 254 243 269 1 252 195 70
 201 111 279 248 271 107 272 211 350 385 307 187 172 27 257 105 252 1 110 306
 182 63 238 265 323 18 309 186 336 299 351 292 184 130 302 197 195 110 1 230
 154 196 99 234 334 219 296 142 205 87 339 437 206 311 309 334 70 306 230 1
LAMBDA_SECTION
1  7
2  12
3  6
4  13
5  18
6  12
7  14
8  10
9  10
10  17
11  18
12  16
13  14
14  16
15  17
16  11
17  16
18  17
19  10
20  19
